#JOSM PicLayer plugin calibration data
#Sun Apr 02 12:04:37 COT 2023
POSITION_X=-8369890.143543252
POSITION_Y=538735.7128735903
INITIAL_SCALE=1282.2028087943495
M00=1.589413869574233
M11=1.589414298910855
M10=-0.005688007295858288
M02=1415.5078090580412
M01=0.0056891856520235465
M12=-165.70137600315167
